Overall: 5.420918926209
Egyptain: 8.335745627778
Emirati: 5.665921031664
Jordanian: 4.805555257269
Palestinian: 2.814778868913
